1 0.594077 0.387340 0.137050 0.066202
1 0.595238 0.573171 0.104530 0.047619
1 0.858304 0.542973 0.047619 0.103368
1 0.851336 0.418699 0.056911 0.075494
1 0.782811 0.221835 0.170732 0.074332
1 0.123693 0.488966 0.116144 0.148664
1 0.248548 0.243322 0.426249 0.126597
1 0.197445 0.112660 0.314750 0.085947
1 0.374564 0.033682 0.150987 0.048780
1 0.614983 0.056330 0.304297 0.077816
1 0.712544 0.585366 0.088269 0.055749
1 0.716609 0.458188 0.094077 0.084785
1 0.371080 0.673055 0.081301 0.068525
1 0.387340 0.913473 0.378630 0.173054
1 0.173635 0.785714 0.074332 0.061556
1 0.313008 0.594077 0.415796 0.200929
0 0.461092 0.486643 0.853659 0.973286