1 0.631823 0.582462 0.203252 0.368177
1 0.477933 0.346690 0.055749 0.135889
1 0.353078 0.180604 0.087108 0.119628
1 0.636469 0.152729 0.084785 0.054588
1 0.523810 0.146922 0.061556 0.036005
1 0.537166 0.234611 0.085947 0.074332
1 0.667247 0.254936 0.069686 0.059233
1 0.651568 0.347851 0.096400 0.094077
1 0.916957 0.521487 0.150987 0.322880
1 0.790941 0.696864 0.068525 0.060395
1 0.511614 0.753775 0.164925 0.097561
1 0.290360 0.637631 0.087108 0.390244
1 0.084785 0.750871 0.138211 0.112660
1 0.012485 0.617886 0.024970 0.199768
1 0.123693 0.372822 0.023229 0.160279
1 0.379210 0.504065 0.067364 0.160279
0 0.495064 0.469803 0.990128 0.723577