0 0.509001 0.497677 0.981998 0.995354
1 0.961963 0.483740 0.076074 0.049942
1 0.773519 0.191057 0.344948 0.121951
1 0.655052 0.061556 0.112660 0.065041
1 0.152729 0.166667 0.197445 0.149826
1 0.344948 0.014518 0.256678 0.029036
1 0.222416 0.062718 0.067364 0.067364
1 0.486063 0.425668 0.271777 0.068525
1 0.186411 0.465738 0.353078 0.046458
1 0.033972 0.432636 0.067944 0.052265
1 0.152149 0.767131 0.140534 0.117305
1 0.154472 0.950639 0.091754 0.098722
1 0.462834 0.914053 0.118467 0.125436
1 0.624855 0.922764 0.196283 0.108014
1 0.800232 0.693380 0.133566 0.065041
1 0.944832 0.760743 0.076655 0.083624
1 0.542393 0.574332 0.210221 0.126597